obs colonia manzana adultos ninos teles renta tvtot tipo  valor
1         2      20       3     2     2    50    68    B  79928 
2         2      25       3     3     1    65    82    B  94415 
3         2      20       1     2     1    45    40    A 120896 
4         2       8       2     2     2    35    56    A 132867 
5         2      25       1     2     0     0     0    N 141901 
6         2      14       1     2     0     0     0    N 147997 
7         2      22       2     1     1    65    30    A 156410 
8         2      20       3     1     3    45    62    C 156841 
9         2      25       3     3     2    70    82    A 157041 
10        2      20       2     2     3    45    60    C 161222 
11        2       8       3     2     1    70    84    A 162509 
12        2       8       2     1     3    45    34    A 180124 
13        2      14       2     1     1    55    38    C 180437 
14        2       8       2     1     2    45    42    A 190314 
15        2      14       2     3     1    55    86    A 192265 
16        2      25       1     2     3    70    40    B 192816 
17        2      14       4     2     4    75    84    C 193279 
18        2      20       4     3     3    55    14    C 205656 
19        1       2       3     1     3    50    31    C 216190 
20        2      22       1     1     3    65    42    C 216321 
21        2      22       4     2     2    75    76    C 216465 
22        2      22       2     3     2    40    74    C 225694 
23        1       4       3     1     3    60    35    C 237752 
24        2      25       1     1     1    55    22    C 241531 
25        2       8       1     3     2    75    54    C 249098 
26        1       9       2     1     3    65    27    C 252221 
27        1       9       3     1     4    65    35    C 261763 
28        2      14       2     2     1    65    52    C 269898 
29        2      22       2     3     4    60    70    C 271556 
30        1       2       3     3     3    65    69    C 279163 
31        1       4       3     2     3    60    54    C 299558 
32        1       9       4     0     4    70    32    B 311195 
33        1       4       2     0     4    75    16    C 318551 
34        1       2       3     0     4    70    24    A 322652 
35        1       4       2     0     2    60    20    C 329198 
36        1       2       2     0     2    60    20    A 332699 
37        1       2       3     0     3    70    28    C 336290 
38        1       9       3     0     5    85    28    C 355641 
39        1       9       2     0     3    70    20    C 357972 
40        1       4       3     0     4    80    28    C 370325 